numrodeligne,dataentryby,source,sourcepath,sourcetype,year,exportsimports,direction,sheet,marchandises,pays,quantit,quantity_unit,prix_unitaire,value,probleme,remarks,Droits totaux indiqués,Droits unitaires,remarks pour les droits
1,Demba,AD33 C4389,Local/Bordeaux/Bordeaux - Entrées - 1734.csv,Local,1734,Imports,Bordeaux,1,Bled froment,Angleterre,5000,Boisseaux,"6,5",32500,0,,,,
2,Demba,AD33 C4389,Local/Bordeaux/Bordeaux - Entrées - 1734.csv,Local,1734,Imports,Bordeaux,1,Bœuf salé,Angleterre,17486,Barils,14,244804,0,,,,
3,Demba,AD33 C4389,Local/Bordeaux/Bordeaux - Entrées - 1734.csv,Local,1734,Imports,Bordeaux,1,Beurre salé,Angleterre,1442500,Livres,"0,21",302925,0,,,,
4,Demba,AD33 C4389,Local/Bordeaux/Bordeaux - Entrées - 1734.csv,Local,1734,Imports,Bordeaux,1,Bourre de bœuf ,Angleterre,5900,Livres,"0,05",295,0,,,,
5,Demba,AD33 C4389,Local/Bordeaux/Bordeaux - Entrées - 1734.csv,Local,1734,Imports,Bordeaux,1,Bouteilles de verre,Angleterre,8184,Pieces,"0,2","1636,8",0,,,,
6,Demba,AD33 C4389,Local/Bordeaux/Bordeaux - Entrées - 1734.csv,Local,1734,Imports,Bordeaux,1,Bois a teindre,Angleterre,435,Livres,"0,1","43,5",0,,,,
7,Demba,AD33 C4389,Local/Bordeaux/Bordeaux - Entrées - 1734.csv,Local,1734,Imports,Bordeaux,1,Cuirs verts en poil,Angleterre,180,Nombre,3,540,0,,,,
8,Demba,AD33 C4389,Local/Bordeaux/Bordeaux - Entrées - 1734.csv,Local,1734,Imports,Bordeaux,1,Cire jaune,Angleterre,6925,Livres,1,6925,0,,,,
9,Demba,AD33 C4389,Local/Bordeaux/Bordeaux - Entrées - 1734.csv,Local,1734,Imports,Bordeaux,1,Charbon de terre,Angleterre,226,Tonneaux,200,45200,0,,,,
10,Demba,AD33 C4389,Local/Bordeaux/Bordeaux - Entrées - 1734.csv,Local,1734,Imports,Bordeaux,1,Fromage,Angleterre,13600,Livres,"0,18",2448,0,,,,
11,Demba,AD33 C4389,Local/Bordeaux/Bordeaux - Entrées - 1734.csv,Local,1734,Imports,Bordeaux,1,Gaudron,Angleterre,24,Barils,11,264,0,,,,
12,Demba,AD33 C4389,Local/Bordeaux/Bordeaux - Entrées - 1734.csv,Local,1734,Imports,Bordeaux,1,Huille de navette,Angleterre,3600,Livres,"0,2",720,0,,,,
13,Demba,AD33 C4389,Local/Bordeaux/Bordeaux - Entrées - 1734.csv,Local,1734,Imports,Bordeaux,1,Laine en suin,Angleterre,41000,Livres,"0,5",20500,0,,,,
14,Demba,AD33 C4389,Local/Bordeaux/Bordeaux - Entrées - 1734.csv,Local,1734,Imports,Bordeaux,1,Plomb en grenaille,Angleterre,4850,Livres,"0,22",1067,0,,,,
15,Demba,AD33 C4389,Local/Bordeaux/Bordeaux - Entrées - 1734.csv,Local,1734,Imports,Bordeaux,1,Plomb en saumon,Angleterre,24875,Livres,"0,2",4975,0,,,,
16,Demba,AD33 C4389,Local/Bordeaux/Bordeaux - Entrées - 1734.csv,Local,1734,Imports,Bordeaux,1,Saumon salé,Angleterre,7,Barils,50,350,0,,,,
17,Demba,AD33 C4389,Local/Bordeaux/Bordeaux - Entrées - 1734.csv,Local,1734,Imports,Bordeaux,1,Suif,Angleterre,670230,livres,"0,22","147450,6",0,,,,
18,Demba,AD33 C4389,Local/Bordeaux/Bordeaux - Entrées - 1734.csv,Local,1734,Imports,Bordeaux,1,Tabac de virginie,Angleterre,1604550,livres,"0,35","561592,5",0,,,,
19,Demba,AD33 C4389,Local/Bordeaux/Bordeaux - Entrées - 1734.csv,Local,1734,Imports,Bordeaux,1,Acier,Hollande,20230,livres,"0,32","6473,6",0,,,,
20,Demba,AD33 C4389,Local/Bordeaux/Bordeaux - Entrées - 1734.csv,Local,1734,Imports,Bordeaux,2,Azur commun,Hollande,7770,livres,"0,3",2331,0,,,,
21,Demba,AD33 C4389,Local/Bordeaux/Bordeaux - Entrées - 1734.csv,Local,1734,Imports,Bordeaux,2,Amidon,Hollande,20000,livres,"0,115",2300,0,,,,
22,Demba,AD33 C4389,Local/Bordeaux/Bordeaux - Entrées - 1734.csv,Local,1734,Imports,Bordeaux,2,Alun,Hollande,3000,livres,"0,2",600,0,,,,
23,Demba,AD33 C4389,Local/Bordeaux/Bordeaux - Entrées - 1734.csv,Local,1734,Imports,Bordeaux,2,Arsenic,Hollande,2600,livres,"0,25",650,0,,,,
24,Demba,AD33 C4389,Local/Bordeaux/Bordeaux - Entrées - 1734.csv,Local,1734,Imports,Bordeaux,2,Beurre ,Hollande,39875,livres,"0,22","8772,5",0,,,,
25,Demba,AD33 C4389,Local/Bordeaux/Bordeaux - Entrées - 1734.csv,Local,1734,Imports,Bordeaux,2,Bled froment,Hollande,2000,Boisseaux,6,12000,0,,,,
26,Demba,AD33 C4389,Local/Bordeaux/Bordeaux - Entrées - 1734.csv,Local,1734,Imports,Bordeaux,2,Bierre,Hollande,454,Barriques,14,6356,0,,,,
27,Demba,AD33 C4389,Local/Bordeaux/Bordeaux - Entrées - 1734.csv,Local,1734,Imports,Bordeaux,2,Bottes de cuir,Hollande,20,Paires,8,160,0,,,,
28,Demba,AD33 C4389,Local/Bordeaux/Bordeaux - Entrées - 1734.csv,Local,1734,Imports,Bordeaux,2,Bourre de bœuf ,Hollande,19800,Livres,"0,05",990,0,,,,
29,Demba,AD33 C4389,Local/Bordeaux/Bordeaux - Entrées - 1734.csv,Local,1734,Imports,Bordeaux,2,Baterie de fer,Hollande,15150,Livres,"0,2",3030,0,,,,
30,Demba,AD33 C4389,Local/Bordeaux/Bordeaux - Entrées - 1734.csv,Local,1734,Imports,Bordeaux,2,Bouteilles de verre,Hollande,108,Pieces,"0,2","21,6",0,,,,
31,Demba,AD33 C4389,Local/Bordeaux/Bordeaux - Entrées - 1734.csv,Local,1734,Imports,Bordeaux,2,Brun rouge,Hollande,6800,Livres,"0,0325",221,0,,,,
32,Demba,AD33 C4389,Local/Bordeaux/Bordeaux - Entrées - 1734.csv,Local,1734,Imports,Bordeaux,2,Baleine coupées,Hollande,14675,Livres,"4,75","69706,25",0,,,,
33,Demba,AD33 C4389,Local/Bordeaux/Bordeaux - Entrées - 1734.csv,Local,1734,Imports,Bordeaux,2,Baleine en fanon,Hollande,17150,Livres,"3,75","64312,5",0,,,,
34,Demba,AD33 C4389,Local/Bordeaux/Bordeaux - Entrées - 1734.csv,Local,1734,Imports,Bordeaux,2,Bois de Sandal moulu,Hollande,181600,Livres,"0,27",49032,0,,,,
35,Demba,AD33 C4389,Local/Bordeaux/Bordeaux - Entrées - 1734.csv,Local,1734,Imports,Bordeaux,2,Bois a teindre,Hollande,91600,Livres,"0,1",9160,0,,,,
36,Demba,AD33 C4389,Local/Bordeaux/Bordeaux - Entrées - 1734.csv,Local,1734,Imports,Bordeaux,2,Bourdilles,Hollande,8290,Nombre,"1,75","14507,5",0,,,,
37,Demba,AD33 C4389,Local/Bordeaux/Bordeaux - Entrées - 1734.csv,Local,1734,Imports,Bordeaux,2,Bourdillons,Hollande,37815,Nombre,1,37815,0,,,,
38,Demba,AD33 C4389,Local/Bordeaux/Bordeaux - Entrées - 1734.csv,Local,1734,Imports,Bordeaux,2,Barriques vieilles vuides,Hollande,138,Nombre,"1,25","172,5",0,,,,
39,Demba,AD33 C4389,Local/Bordeaux/Bordeaux - Entrées - 1734.csv,Local,1734,Imports,Bordeaux,2,Cabillau,Hollande,152,Barils,15,2280,0,,,,
40,Demba,AD33 C4389,Local/Bordeaux/Bordeaux - Entrées - 1734.csv,Local,1734,Imports,Bordeaux,2,Cabillau,Hollande,2400,Livres,"0,15",360,0,,,,
41,Demba,AD33 C4389,Local/Bordeaux/Bordeaux - Entrées - 1734.csv,Local,1734,Imports,Bordeaux,2,Canelles,Hollande,3150,Livres,6,18900,0,,,,
42,Demba,AD33 C4389,Local/Bordeaux/Bordeaux - Entrées - 1734.csv,Local,1734,Imports,Bordeaux,2,Confitures,Hollande,1000,Livres,"0,5",500,0,,,,
43,Demba,AD33 C4389,Local/Bordeaux/Bordeaux - Entrées - 1734.csv,Local,1734,Imports,Bordeaux,2,Couty,Hollande,1440,Aunes,"1,75",2520,0,,,,
44,Demba,AD33 C4389,Local/Bordeaux/Bordeaux - Entrées - 1734.csv,Local,1734,Imports,Bordeaux,2,Cuirs de roussy,Hollande,2000,Livres,"0,75",1500,0,,,,
45,Demba,AD33 C4389,Local/Bordeaux/Bordeaux - Entrées - 1734.csv,Local,1734,Imports,Bordeaux,2,Cordage,Hollande,27600,Livres,"0,19",5244,0,,,,
46,Demba,AD33 C4389,Local/Bordeaux/Bordeaux - Entrées - 1734.csv,Local,1734,Imports,Bordeaux,2,Chanvre cru,Hollande,9525,Livres,"0,15","1428,75",0,,,,
47,Demba,AD33 C4389,Local/Bordeaux/Bordeaux - Entrées - 1734.csv,Local,1734,Imports,Bordeaux,2,Crin,Hollande,2700,Livres,"0,45",1215,0,,,,
48,Demba,AD33 C4389,Local/Bordeaux/Bordeaux - Entrées - 1734.csv,Local,1734,Imports,Bordeaux,2,Comodes de sapin,Hollande,16,Pieces,40,640,0,,,,
49,Demba,AD33 C4389,Local/Bordeaux/Bordeaux - Entrées - 1734.csv,Local,1734,Imports,Bordeaux,2,Chaises de comodité,Hollande,90,Nombre,4,360,0,,,,
50,Demba,AD33 C4389,Local/Bordeaux/Bordeaux - Entrées - 1734.csv,Local,1734,Imports,Bordeaux,2,Chevrons de chesne ; 18 pieds,Hollande,640,Pieces,2,1280,0,,,,
51,Demba,AD33 C4389,Local/Bordeaux/Bordeaux - Entrées - 1734.csv,Local,1734,Imports,Bordeaux,2,Chevrons de chesne ; 15 pieds,Hollande,414,Pieces,"1,6","662,4",0,,,,
52,Demba,AD33 C4389,Local/Bordeaux/Bordeaux - Entrées - 1734.csv,Local,1734,Imports,Bordeaux,2,Colle de poisson,Hollande,5900,Livres,"1,75",10325,0,,,,
53,Demba,AD33 C4389,Local/Bordeaux/Bordeaux - Entrées - 1734.csv,Local,1734,Imports,Bordeaux,2,Colle forte,Hollande,10010,Livres,"0,6",6006,0,,,,
54,Demba,AD33 C4389,Local/Bordeaux/Bordeaux - Entrées - 1734.csv,Local,1734,Imports,Bordeaux,2,Chandelles,Hollande,1680,Livres,"0,325",546,0,,,,
55,Demba,AD33 C4389,Local/Bordeaux/Bordeaux - Entrées - 1734.csv,Local,1734,Imports,Bordeaux,2,Christal,Hollande,2000,Livres,1,2000,0,,,,
56,Demba,AD33 C4389,Local/Bordeaux/Bordeaux - Entrées - 1734.csv,Local,1734,Imports,Bordeaux,2,Cuivre ouvré,Hollande,3770,Livres,"1,4",5278,0,,,,
57,Demba,AD33 C4389,Local/Bordeaux/Bordeaux - Entrées - 1734.csv,Local,1734,Imports,Bordeaux,2,Cuivre brut,Hollande,93225,Livres,"1,1","102547,5",0,,,,
58,Demba,AD33 C4389,Local/Bordeaux/Bordeaux - Entrées - 1734.csv,Local,1734,Imports,Bordeaux,2,Clouds de fer,Hollande,169700,Livres,"0,2",33940,0,,,,
59,Demba,AD33 C4389,Local/Bordeaux/Bordeaux - Entrées - 1734.csv,Local,1734,Imports,Bordeaux,2,Caboches,Hollande,55850,Livres,"0,07","3909,5",0,,,,
60,Demba,AD33 C4389,Local/Bordeaux/Bordeaux - Entrées - 1734.csv,Local,1734,Imports,Bordeaux,2,Ceruze,Hollande,16120,Livres,"0,2",3224,0,,,,
61,Demba,AD33 C4389,Local/Bordeaux/Bordeaux - Entrées - 1734.csv,Local,1734,Imports,Bordeaux,2,Couperose verte,Hollande,341450,Livres,"0,055","18779,75",0,,,,
62,Demba,AD33 C4389,Local/Bordeaux/Bordeaux - Entrées - 1734.csv,Local,1734,Imports,Bordeaux,2,Charbon de terre,Hollande,48,Tonneaux,200,9600,0,,,,
63,Demba,AD33 C4389,Local/Bordeaux/Bordeaux - Entrées - 1734.csv,Local,1734,Imports,Bordeaux,2,Drogues a teindre,Hollande,13700,Livres,"0,5",6850,0,,,,
64,Demba,AD33 C4389,Local/Bordeaux/Bordeaux - Entrées - 1734.csv,Local,1734,Imports,Bordeaux,2,Etain en bloc,Hollande,35800,Livres,1,35800,0,,,,
65,Demba,AD33 C4389,Local/Bordeaux/Bordeaux - Entrées - 1734.csv,Local,1734,Imports,Bordeaux,2,Etoupe de chanvre,Hollande,950,Livres,"0,05","47,5",0,,,,
66,Demba,AD33 C4389,Local/Bordeaux/Bordeaux - Entrées - 1734.csv,Local,1734,Imports,Bordeaux,2,Fromage,Hollande,781160,Livres,"0,18","140608,8",0,,,,
67,Demba,AD33 C4389,Local/Bordeaux/Bordeaux - Entrées - 1734.csv,Local,1734,Imports,Bordeaux,2,Fil a coudre,Hollande,3000,Livres,"1,75",5250,0,,,,
68,Demba,AD33 C4389,Local/Bordeaux/Bordeaux - Entrées - 1734.csv,Local,1734,Imports,Bordeaux,2,Fil de Laton,Hollande,19070,Livres,"1,2",22884,0,,,,
69,Demba,AD33 C4389,Local/Bordeaux/Bordeaux - Entrées - 1734.csv,Local,1734,Imports,Bordeaux,2,Fil de fer,Hollande,116000,Livres,"0,28",32480,0,,,,
70,Demba,AD33 C4389,Local/Bordeaux/Bordeaux - Entrées - 1734.csv,Local,1734,Imports,Bordeaux,2,Fer blanc,Hollande,118,Barils,96,11328,0,,,,
71,Demba,AD33 C4389,Local/Bordeaux/Bordeaux - Entrées - 1734.csv,Local,1734,Imports,Bordeaux,2,Fer en barre,Hollande,1025400,livres,"0,13",133302,0,,,,
72,Demba,AD33 C4389,Local/Bordeaux/Bordeaux - Entrées - 1734.csv,Local,1734,Imports,Bordeaux,2,Fer de fonte ouvré,Hollande,60875,livres,"0,1","6087,5",0,,,,
73,Demba,AD33 C4389,Local/Bordeaux/Bordeaux - Entrées - 1734.csv,Local,1734,Imports,Bordeaux,2,Feuillards,Hollande,1200,Fez,"1,5",1800,0,doute sur l'unité,,,
74,Demba,AD33 C4389,Local/Bordeaux/Bordeaux - Entrées - 1734.csv,Local,1734,Imports,Bordeaux,2,Fayence,Hollande,51200,livres,"0,5",25600,0,,,,
75,Demba,AD33 C4389,Local/Bordeaux/Bordeaux - Entrées - 1734.csv,Local,1734,Imports,Bordeaux,2,Formes de terre a sucre,Hollande,8200,livres,"0,25",2050,0,,,,
76,Demba,AD33 C4389,Local/Bordeaux/Bordeaux - Entrées - 1734.csv,Local,1734,Imports,Bordeaux,2,Geroffle,Hollande,11840,livres,8,94720,0,,,,
77,Demba,AD33 C4389,Local/Bordeaux/Bordeaux - Entrées - 1734.csv,Local,1734,Imports,Bordeaux,2,Garance non robée,Hollande,50970,livres,"0,3",15291,0,,,,
78,Demba,AD33 C4389,Local/Bordeaux/Bordeaux - Entrées - 1734.csv,Local,1734,Imports,Bordeaux,2,Gaudron,Hollande,546,Barils,11,6006,0,,,,
79,Demba,AD33 C4389,Local/Bordeaux/Bordeaux - Entrées - 1734.csv,Local,1734,Imports,Bordeaux,2,Harans blancs,Hollande,1373,Barils,25,34325,0,,,,
80,Demba,AD33 C4389,Local/Bordeaux/Bordeaux - Entrées - 1734.csv,Local,1734,Imports,Bordeaux,2,Harans sors,Hollande,4400,Nombre,"0,022","92,4","-4,4",erreur de calcul,,,
81,Demba,AD33 C4389,Local/Bordeaux/Bordeaux - Entrées - 1734.csv,Local,1734,Imports,Bordeaux,2,Huille de navette,Hollande,1095150,Livres,"0,2",219030,0,,,,
82,Demba,AD33 C4389,Local/Bordeaux/Bordeaux - Entrées - 1734.csv,Local,1734,Imports,Bordeaux,2,Inde platte,Hollande,2060,Livres,"0,8",1648,0,,,,
83,Demba,AD33 C4389,Local/Bordeaux/Bordeaux - Entrées - 1734.csv,Local,1734,Imports,Bordeaux,2,Lin peignée,Hollande,22680,Livres,"0,8",18144,0,,,,
84,Demba,AD33 C4389,Local/Bordeaux/Bordeaux - Entrées - 1734.csv,Local,1734,Imports,Bordeaux,2,Lin en rame,Hollande,16400,Livres,"0,4",6560,0,,,,
85,Demba,AD33 C4389,Local/Bordeaux/Bordeaux - Entrées - 1734.csv,Local,1734,Imports,Bordeaux,2,Litarge,Hollande,1175,Livres,"0,22","258,5",0,,,,
86,Demba,AD33 C4389,Local/Bordeaux/Bordeaux - Entrées - 1734.csv,Local,1734,Imports,Bordeaux,2,Muscade,Hollande,3700,Livres,8,29600,0,,,,
87,Demba,AD33 C4389,Local/Bordeaux/Bordeaux - Entrées - 1734.csv,Local,1734,Imports,Bordeaux,2,Morue,Hollande,26400,Livres,"0,15",3960,0,oubli de division par 100,,,
88,Demba,AD33 C4389,Local/Bordeaux/Bordeaux - Entrées - 1734.csv,Local,1734,Imports,Bordeaux,3,Mercerie grossiere,Hollande,33680,Livres,1,33680,0,,,,
89,Demba,AD33 C4389,Local/Bordeaux/Bordeaux - Entrées - 1734.csv,Local,1734,Imports,Bordeaux,3,Mini,Hollande,9200,Livres,"0,18",1656,0,,,,
90,Demba,AD33 C4389,Local/Bordeaux/Bordeaux - Entrées - 1734.csv,Local,1734,Imports,Bordeaux,3,Mats de navire ; 55 pieds,Hollande,2,Pieces,40,80,0,,,,
91,Demba,AD33 C4389,Local/Bordeaux/Bordeaux - Entrées - 1734.csv,Local,1734,Imports,Bordeaux,3,Mats de navire ; 45 pieds,Hollande,24,Pieces,25,600,0,,,,
92,Demba,AD33 C4389,Local/Bordeaux/Bordeaux - Entrées - 1734.csv,Local,1734,Imports,Bordeaux,3,Merrain a pipe,Hollande,19250,Douelles,"0,25","4812,5",0,,,,
93,Demba,AD33 C4389,Local/Bordeaux/Bordeaux - Entrées - 1734.csv,Local,1734,Imports,Bordeaux,3,Merrain a barriques,Hollande,247000,Douelles,"0,125",30875,0,,,,
94,Demba,AD33 C4389,Local/Bordeaux/Bordeaux - Entrées - 1734.csv,Local,1734,Imports,Bordeaux,3,Merrain a tiercons,Hollande,3600,Douelles,"0,1",360,0,,,,
95,Demba,AD33 C4389,Local/Bordeaux/Bordeaux - Entrées - 1734.csv,Local,1734,Imports,Bordeaux,3,Merrain foncaille,Hollande,62000,Douelles,"0,0625",3875,0,,,,
96,Demba,AD33 C4389,Local/Bordeaux/Bordeaux - Entrées - 1734.csv,Local,1734,Imports,Bordeaux,3,Noir de fumée,Hollande,212,Barillets,"0,05","10,6",0,,,,
97,Demba,AD33 C4389,Local/Bordeaux/Bordeaux - Entrées - 1734.csv,Local,1734,Imports,Bordeaux,3,Pois secs,Hollande,300,Boisseaux,7,2100,0,,,,
98,Demba,AD33 C4389,Local/Bordeaux/Bordeaux - Entrées - 1734.csv,Local,1734,Imports,Bordeaux,3,Poivre noir,Hollande,183740,Livres,"1,2",220488,0,,,,
99,Demba,AD33 C4389,Local/Bordeaux/Bordeaux - Entrées - 1734.csv,Local,1734,Imports,Bordeaux,3,Paravens,Hollande,6,,,132,132,manque prix,,,
100,Demba,AD33 C4389,Local/Bordeaux/Bordeaux - Entrées - 1734.csv,Local,1734,Imports,Bordeaux,3,Papier violet,Hollande,620,Rames,6,3720,0,,,,
101,Demba,AD33 C4389,Local/Bordeaux/Bordeaux - Entrées - 1734.csv,Local,1734,Imports,Bordeaux,3,Poix de Bourgogne,Hollande,4600,Livres,"0,08",368,0,,,,
102,Demba,AD33 C4389,Local/Bordeaux/Bordeaux - Entrées - 1734.csv,Local,1734,Imports,Bordeaux,3,Porcelaine,Hollande,470,Livres,"1,5",705,0,,,,
103,Demba,AD33 C4389,Local/Bordeaux/Bordeaux - Entrées - 1734.csv,Local,1734,Imports,Bordeaux,3,Pipes a fumer,Hollande,2280,Grosses,"2,25",5130,0,,,,
104,Demba,AD33 C4389,Local/Bordeaux/Bordeaux - Entrées - 1734.csv,Local,1734,Imports,Bordeaux,3,Poids de fer,Hollande,800,Livres,"0,07",56,0,,,,
105,Demba,AD33 C4389,Local/Bordeaux/Bordeaux - Entrées - 1734.csv,Local,1734,Imports,Bordeaux,3,Plomb en grenaille,Hollande,49425,Livres,"0,22","10873,5",0,,,,
106,Demba,AD33 C4389,Local/Bordeaux/Bordeaux - Entrées - 1734.csv,Local,1734,Imports,Bordeaux,3,Plomb en saumon,Hollande,601975,Livres,"0,2",120395,0,,,,
107,Demba,AD33 C4389,Local/Bordeaux/Bordeaux - Entrées - 1734.csv,Local,1734,Imports,Bordeaux,3,Planches de chesne ; 18 pieds,Hollande,300,Pieces,3,900,0,,,,
108,Demba,AD33 C4389,Local/Bordeaux/Bordeaux - Entrées - 1734.csv,Local,1734,Imports,Bordeaux,3,Planches de chesne ; 15 pieds,Hollande,670,Pieces,"1,75","1172,5",0,,,,
109,Demba,AD33 C4389,Local/Bordeaux/Bordeaux - Entrées - 1734.csv,Local,1734,Imports,Bordeaux,3,Planches de chesne ; 10 pieds,Hollande,1135,Pieces,"1,1","1248,5",0,,,,
110,Demba,AD33 C4389,Local/Bordeaux/Bordeaux - Entrées - 1734.csv,Local,1734,Imports,Bordeaux,3,Planches de sapin ; 25 pieds,Hollande,1380,Pieces,2,2760,0,,,,
111,Demba,AD33 C4389,Local/Bordeaux/Bordeaux - Entrées - 1734.csv,Local,1734,Imports,Bordeaux,3,Planches de sapin ; 18 pieds,Hollande,44070,Pieces,"1,6",70512,0,,,,
112,Demba,AD33 C4389,Local/Bordeaux/Bordeaux - Entrées - 1734.csv,Local,1734,Imports,Bordeaux,3,Planches de sapin ; 16 pieds,Hollande,600,Pieces,"1,4",840,0,,,,
113,Demba,AD33 C4389,Local/Bordeaux/Bordeaux - Entrées - 1734.csv,Local,1734,Imports,Bordeaux,3,Planches de sapin ; 12 pieds,Hollande,2500,Pieces,"0,9",2250,0,,,,
114,Demba,AD33 C4389,Local/Bordeaux/Bordeaux - Entrées - 1734.csv,Local,1734,Imports,Bordeaux,3,Planches de sapin ; 8 pieds,Hollande,1900,Pieces,"0,6",1140,0,,,,
115,Demba,AD33 C4389,Local/Bordeaux/Bordeaux - Entrées - 1734.csv,Local,1734,Imports,Bordeaux,3,Quincaille,Hollande,4410,Livres,"0,75","3307,5",0,,,,
116,Demba,AD33 C4389,Local/Bordeaux/Bordeaux - Entrées - 1734.csv,Local,1734,Imports,Bordeaux,3,Ruban de fil,Hollande,600,Livres,"2,5",300,-1200,erreur de calcul,,,
117,Demba,AD33 C4389,Local/Bordeaux/Bordeaux - Entrées - 1734.csv,Local,1734,Imports,Bordeaux,3,Souffre,Hollande,69950,Livres,"0,12",8394,0,,,,
118,Demba,AD33 C4389,Local/Bordeaux/Bordeaux - Entrées - 1734.csv,Local,1734,Imports,Bordeaux,3,Suif,Hollande,6800,Livres,"0,2",1360,0,,,,
119,Demba,AD33 C4389,Local/Bordeaux/Bordeaux - Entrées - 1734.csv,Local,1734,Imports,Bordeaux,3,Soliveaux de sapin ; 20 pieds,Hollande,328,Pieces,"0,75",246,0,,,,
120,Demba,AD33 C4389,Local/Bordeaux/Bordeaux - Entrées - 1734.csv,Local,1734,Imports,Bordeaux,3,Soliveaux de sapin ; 6 pieds,Hollande,667,Pieces,"0,35","233,45",0,,,,
121,Demba,AD33 C4389,Local/Bordeaux/Bordeaux - Entrées - 1734.csv,Local,1734,Imports,Bordeaux,3,Thé,Hollande,162,livres,"2,5",405,0,,,,
122,Demba,AD33 C4389,Local/Bordeaux/Bordeaux - Entrées - 1734.csv,Local,1734,Imports,Bordeaux,3,Teinture,Hollande,2000,livres,"0,17",340,0,,,,
123,Demba,AD33 C4389,Local/Bordeaux/Bordeaux - Entrées - 1734.csv,Local,1734,Imports,Bordeaux,3,Terre d'ombre,Hollande,4800,livres,"0,2",960,0,,,,
124,Demba,AD33 C4389,Local/Bordeaux/Bordeaux - Entrées - 1734.csv,Local,1734,Imports,Bordeaux,3,Vin de canarie,Hollande,470,pots,"2,75","1292,5",0,,,,
125,Demba,AD33 C4389,Local/Bordeaux/Bordeaux - Entrées - 1734.csv,Local,1734,Imports,Bordeaux,3,Verres a boire,Hollande,2,Barriques,50,100,0,,,,
126,Demba,AD33 C4389,Local/Bordeaux/Bordeaux - Entrées - 1734.csv,Local,1734,Imports,Bordeaux,3,Acier,Nord,13400,Livres,"0,32",4288,0,,,,
127,Demba,AD33 C4389,Local/Bordeaux/Bordeaux - Entrées - 1734.csv,Local,1734,Imports,Bordeaux,3,Bierre,Nord,9,Barriques,14,126,0,,,,
128,Demba,AD33 C4389,Local/Bordeaux/Bordeaux - Entrées - 1734.csv,Local,1734,Imports,Bordeaux,3,Barriques vieilles vuides,Nord,486,Nombre,"1,2","583,2",0,,,,
129,Demba,AD33 C4389,Local/Bordeaux/Bordeaux - Entrées - 1734.csv,Local,1734,Imports,Bordeaux,3,Bourdilles,Nord,1425,Nombre,2,2850,0,,,,
130,Demba,AD33 C4389,Local/Bordeaux/Bordeaux - Entrées - 1734.csv,Local,1734,Imports,Bordeaux,3,Bourdillons,Nord,11892,Nombre,"1,1","13081,2",0,,,,
131,Demba,AD33 C4389,Local/Bordeaux/Bordeaux - Entrées - 1734.csv,Local,1734,Imports,Bordeaux,3,Citrons,Nord,11,Milliers,10,110,0,,,,
132,Demba,AD33 C4389,Local/Bordeaux/Bordeaux - Entrées - 1734.csv,Local,1734,Imports,Bordeaux,3,Cuivre brut,Nord,32290,Livres,"1,1",35519,0,,,,
133,Demba,AD33 C4389,Local/Bordeaux/Bordeaux - Entrées - 1734.csv,Local,1734,Imports,Bordeaux,3,Cire jaune,Nord,5000,Livres,1,5000,0,,,,
134,Demba,AD33 C4389,Local/Bordeaux/Bordeaux - Entrées - 1734.csv,Local,1734,Imports,Bordeaux,3,Cordage,Nord,1700,Livres,"0,19",323,0,,,,
135,Demba,AD33 C4389,Local/Bordeaux/Bordeaux - Entrées - 1734.csv,Local,1734,Imports,Bordeaux,3,Fromage,Nord,1000,Livres,"0,18",180,0,,,,
136,Demba,AD33 C4389,Local/Bordeaux/Bordeaux - Entrées - 1734.csv,Local,1734,Imports,Bordeaux,3,Fer blanc,Nord,118,Barils,95,11210,0,,,,
137,Demba,AD33 C4389,Local/Bordeaux/Bordeaux - Entrées - 1734.csv,Local,1734,Imports,Bordeaux,3,Fer en barre,Nord,82400,Livres,"0,125",10300,0,,,,
138,Demba,AD33 C4389,Local/Bordeaux/Bordeaux - Entrées - 1734.csv,Local,1734,Imports,Bordeaux,3,Gaudron,Nord,22,Barils,11,242,0,,,,
139,Demba,AD33 C4389,Local/Bordeaux/Bordeaux - Entrées - 1734.csv,Local,1734,Imports,Bordeaux,3,Mercerie grossiere,Nord,1070,Livres,1,1070,0,,,,
140,Demba,AD33 C4389,Local/Bordeaux/Bordeaux - Entrées - 1734.csv,Local,1734,Imports,Bordeaux,3,Merrain a pipe,Nord,182800,Douelles,"0,25",45700,0,,,,
141,Demba,AD33 C4389,Local/Bordeaux/Bordeaux - Entrées - 1734.csv,Local,1734,Imports,Bordeaux,3,Merrain a barriques,Nord,105700,Douelles,"0,125","13212,5",0,,,,
142,Demba,AD33 C4389,Local/Bordeaux/Bordeaux - Entrées - 1734.csv,Local,1734,Imports,Bordeaux,3,Merrain foncaille,Nord,49000,Pieces,"0,0625","3062,5",0,,,,
143,Demba,AD33 C4389,Local/Bordeaux/Bordeaux - Entrées - 1734.csv,Local,1734,Imports,Bordeaux,3,Noir de fumée,Nord,18000,Barillets,"0,05",900,0,,,,
144,Demba,AD33 C4389,Local/Bordeaux/Bordeaux - Entrées - 1734.csv,Local,1734,Imports,Bordeaux,3,Oranges,Nord,16,Milliers,4,64,0,,,,
145,Demba,AD33 C4389,Local/Bordeaux/Bordeaux - Entrées - 1734.csv,Local,1734,Imports,Bordeaux,3,Peaux de Roussy,Nord,1450,Livres,"0,9",1305,0,,,,
146,Demba,AD33 C4389,Local/Bordeaux/Bordeaux - Entrées - 1734.csv,Local,1734,Imports,Bordeaux,3,Peaux de veau passées,Nord,4,Douzaines,30,120,0,,,,
147,Demba,AD33 C4389,Local/Bordeaux/Bordeaux - Entrées - 1734.csv,Local,1734,Imports,Bordeaux,3,Plomb en saumon,Nord,148325,Livres,"0,2",29665,0,,,,
148,Demba,AD33 C4389,Local/Bordeaux/Bordeaux - Entrées - 1734.csv,Local,1734,Imports,Bordeaux,3,Planches de chesne ; 24 pieds,Nord,150,Pieces,"2,5",375,0,,,,
149,Demba,AD33 C4389,Local/Bordeaux/Bordeaux - Entrées - 1734.csv,Local,1734,Imports,Bordeaux,3,Planches de sapin ; 27 pieds,Nord,100,Pieces,"2,5",250,0,,,,
150,Demba,AD33 C4389,Local/Bordeaux/Bordeaux - Entrées - 1734.csv,Local,1734,Imports,Bordeaux,3,Planches de sapin ; 18 pieds,Nord,3700,Pieces,"1,2",4440,0,,,,
151,Demba,AD33 C4389,Local/Bordeaux/Bordeaux - Entrées - 1734.csv,Local,1734,Imports,Bordeaux,3,Poutres de sapin ; 26 pieds,Nord,556,Pieces,5,2780,0,,,,
152,Demba,AD33 C4389,Local/Bordeaux/Bordeaux - Entrées - 1734.csv,Local,1734,Imports,Bordeaux,4,Soliveaux de sapin ; 28 pieds,Nord,354,Pieces,"2,5",885,0,,,,
153,Demba,AD33 C4389,Local/Bordeaux/Bordeaux - Entrées - 1734.csv,Local,1734,Imports,Bordeaux,4,Soliveaux de sapin ; 22 pieds,Nord,960,Pieces,"1,5",1440,0,,,,
154,Demba,AD33 C4389,Local/Bordeaux/Bordeaux - Entrées - 1734.csv,Local,1734,Imports,Bordeaux,4,Soliveaux de sapin ; 12 pieds,Nord,776,Pieces,"0,8","620,8",0,,,,
155,Demba,AD33 C4389,Local/Bordeaux/Bordeaux - Entrées - 1734.csv,Local,1734,Imports,Bordeaux,4,Vin de canarie,Nord,130,pots,"2,75","357,5",0,,,,
156,Demba,AD33 C4389,Local/Bordeaux/Bordeaux - Entrées - 1734.csv,Local,1734,Imports,Bordeaux,4,Alun,Dannemark,18400,Livres,"0,19",3496,0,,,,
157,Demba,AD33 C4389,Local/Bordeaux/Bordeaux - Entrées - 1734.csv,Local,1734,Imports,Bordeaux,4,Bled froment,Dannemark,1600,Boisseaux,6,9600,0,,,,
158,Demba,AD33 C4389,Local/Bordeaux/Bordeaux - Entrées - 1734.csv,Local,1734,Imports,Bordeaux,4,Bray gras,Dannemark,52,Barils,0,884,884,manque prix,,,
159,Demba,AD33 C4389,Local/Bordeaux/Bordeaux - Entrées - 1734.csv,Local,1734,Imports,Bordeaux,4,Bourdillons,Dannemark,220,Nombre,"0,75",165,0,,,,
160,Demba,AD33 C4389,Local/Bordeaux/Bordeaux - Entrées - 1734.csv,Local,1734,Imports,Bordeaux,4,Cire jaune,Dannemark,1000,Livres,1,1000,0,,,,
161,Demba,AD33 C4389,Local/Bordeaux/Bordeaux - Entrées - 1734.csv,Local,1734,Imports,Bordeaux,4,Cuivre brut,Dannemark,10900,Livres,"1,1",11990,0,,,,
162,Demba,AD33 C4389,Local/Bordeaux/Bordeaux - Entrées - 1734.csv,Local,1734,Imports,Bordeaux,4,Clouds de fer,Dannemark,400,Livres,"0,2",80,0,,,,
163,Demba,AD33 C4389,Local/Bordeaux/Bordeaux - Entrées - 1734.csv,Local,1734,Imports,Bordeaux,4,Charbon de terre,Dannemark,3,Tonneaux,200,600,0,,,,
164,Demba,AD33 C4389,Local/Bordeaux/Bordeaux - Entrées - 1734.csv,Local,1734,Imports,Bordeaux,4,Fer en barre,Dannemark,44700,Livres,"0,125","5587,5",0,,,,
165,Demba,AD33 C4389,Local/Bordeaux/Bordeaux - Entrées - 1734.csv,Local,1734,Imports,Bordeaux,4,Gaudron,Dannemark,46,Barils,9,414,0,,,,
166,Demba,AD33 C4389,Local/Bordeaux/Bordeaux - Entrées - 1734.csv,Local,1734,Imports,Bordeaux,4,Mercerie,Dannemark,1000,Livres,1,1000,0,,,,
167,Demba,AD33 C4389,Local/Bordeaux/Bordeaux - Entrées - 1734.csv,Local,1734,Imports,Bordeaux,4,Merrain a pipe,Dannemark,600,Nombre,"0,25",150,0,,,,
168,Demba,AD33 C4389,Local/Bordeaux/Bordeaux - Entrées - 1734.csv,Local,1734,Imports,Bordeaux,4,Merrain a barriques,Dannemark,30400,Douelles,"0,125",3800,0,,,,
169,Demba,AD33 C4389,Local/Bordeaux/Bordeaux - Entrées - 1734.csv,Local,1734,Imports,Bordeaux,4,Peaux de Roussy,Dannemark,3600,livres,"0,9",3240,0,,,,
170,Demba,AD33 C4389,Local/Bordeaux/Bordeaux - Entrées - 1734.csv,Local,1734,Imports,Bordeaux,4,Plomb en saumon,Dannemark,28500,livres,"0,2",5700,0,,,,
171,Demba,AD33 C4389,Local/Bordeaux/Bordeaux - Entrées - 1734.csv,Local,1734,Imports,Bordeaux,4,Pelles de bois,Dannemark,160,Nombre,"0,4",64,0,,,,
172,Demba,AD33 C4389,Local/Bordeaux/Bordeaux - Entrées - 1734.csv,Local,1734,Imports,Bordeaux,4,Planches de sapin ; 30 pieds,Dannemark,1464,Pieces,3,4392,0,,,,
173,Demba,AD33 C4389,Local/Bordeaux/Bordeaux - Entrées - 1734.csv,Local,1734,Imports,Bordeaux,4,Planches de sapin ; 25 pieds,Dannemark,1100,Pieces,"2,5",2750,0,,,,
174,Demba,AD33 C4389,Local/Bordeaux/Bordeaux - Entrées - 1734.csv,Local,1734,Imports,Bordeaux,4,Planches de sapin ; 20 pieds,Dannemark,800,Pieces,"1,4",1120,0,,,,
175,Demba,AD33 C4389,Local/Bordeaux/Bordeaux - Entrées - 1734.csv,Local,1734,Imports,Bordeaux,4,Planches de sapin ; 18 pieds,Dannemark,17760,Pieces,"1,2",21312,0,,,,
176,Demba,AD33 C4389,Local/Bordeaux/Bordeaux - Entrées - 1734.csv,Local,1734,Imports,Bordeaux,4,Planches de sapin ; 16 pieds,Dannemark,1700,Pieces,1,1700,0,,,,
177,Demba,AD33 C4389,Local/Bordeaux/Bordeaux - Entrées - 1734.csv,Local,1734,Imports,Bordeaux,4,Planches de sapin ; 12 pieds,Dannemark,300,Pieces,"0,75",225,0,,,,
178,Demba,AD33 C4389,Local/Bordeaux/Bordeaux - Entrées - 1734.csv,Local,1734,Imports,Bordeaux,4,Planches de sapin ; 8 pieds,Dannemark,600,Pieces,"0,5",300,0,,,,
179,Demba,AD33 C4389,Local/Bordeaux/Bordeaux - Entrées - 1734.csv,Local,1734,Imports,Bordeaux,4,Saumon salé,Dannemark,125,Barils,45,5625,0,,,,
180,Demba,AD33 C4389,Local/Bordeaux/Bordeaux - Entrées - 1734.csv,Local,1734,Imports,Bordeaux,4,Acier,Suede,1000,Livres,"0,33",330,0,,,,
181,Demba,AD33 C4389,Local/Bordeaux/Bordeaux - Entrées - 1734.csv,Local,1734,Imports,Bordeaux,4,Bouteilles de verre,Suede,16,Douzaines,"2,4","38,4",0,,,,
182,Demba,AD33 C4389,Local/Bordeaux/Bordeaux - Entrées - 1734.csv,Local,1734,Imports,Bordeaux,4,Bourdilles,Suede,2200,Nombre,2,4400,0,,,,
183,Demba,AD33 C4389,Local/Bordeaux/Bordeaux - Entrées - 1734.csv,Local,1734,Imports,Bordeaux,4,Barres de guindeau,Suede,324,Livres,"0,25",81,0,,,,
184,Demba,AD33 C4389,Local/Bordeaux/Bordeaux - Entrées - 1734.csv,Local,1734,Imports,Bordeaux,4,Charbon de terre,Suede,4,Tonneaux,200,800,0,,,,
185,Demba,AD33 C4389,Local/Bordeaux/Bordeaux - Entrées - 1734.csv,Local,1734,Imports,Bordeaux,4,Fromage,Suede,2100,Livres,"0,16",336,0,,,,
186,Demba,AD33 C4389,Local/Bordeaux/Bordeaux - Entrées - 1734.csv,Local,1734,Imports,Bordeaux,4,Fer en barre,Suede,416000,Livres,"0,125",52000,0,,,,
187,Demba,AD33 C4389,Local/Bordeaux/Bordeaux - Entrées - 1734.csv,Local,1734,Imports,Bordeaux,4,Fayence,Suede,700,Livres,"0,5",350,0,,,,
188,Demba,AD33 C4389,Local/Bordeaux/Bordeaux - Entrées - 1734.csv,Local,1734,Imports,Bordeaux,4,Gaudron,Suede,216,Barils,11,2376,0,,,,
189,Demba,AD33 C4389,Local/Bordeaux/Bordeaux - Entrées - 1734.csv,Local,1734,Imports,Bordeaux,4,Huille de navette,Suede,16000,Livres,"0,2",3200,0,,,,
190,Demba,AD33 C4389,Local/Bordeaux/Bordeaux - Entrées - 1734.csv,Local,1734,Imports,Bordeaux,4,Merrain a pipe,Suede,500,Douelles,"0,25",125,0,,,,
191,Demba,AD33 C4389,Local/Bordeaux/Bordeaux - Entrées - 1734.csv,Local,1734,Imports,Bordeaux,4,Merrain a barriques,Suede,12000,Nombre,"0,125",1500,0,,,,
192,Demba,AD33 C4389,Local/Bordeaux/Bordeaux - Entrées - 1734.csv,Local,1734,Imports,Bordeaux,4,Poivre,Suede,4100,Livres,0,4920,4920,manque prix,,,
193,Demba,AD33 C4389,Local/Bordeaux/Bordeaux - Entrées - 1734.csv,Local,1734,Imports,Bordeaux,4,Planches de Sapin ; 22 pieds,Suede,300,Pieces,"2,25",675,0,,,,
194,Demba,AD33 C4389,Local/Bordeaux/Bordeaux - Entrées - 1734.csv,Local,1734,Imports,Bordeaux,4,Planches de Sapin ; 20 pieds,Suede,630,Pieces,"1,5",945,0,,,,
195,Demba,AD33 C4389,Local/Bordeaux/Bordeaux - Entrées - 1734.csv,Local,1734,Imports,Bordeaux,4,Planches de Sapin ; 18 pieds,Suede,3550,Pieces,"1,2",4260,0,,,,
196,Demba,AD33 C4389,Local/Bordeaux/Bordeaux - Entrées - 1734.csv,Local,1734,Imports,Bordeaux,4,Planches de Sapin ; 8 pieds,Suede,900,Pieces,"0,5",450,0,,,,
197,Demba,AD33 C4389,Local/Bordeaux/Bordeaux - Entrées - 1734.csv,Local,1734,Imports,Bordeaux,4,Soliveaux de sapin ; 28 pieds,Suede,500,Pieces,2,1000,0,,,,
198,Demba,AD33 C4389,Local/Bordeaux/Bordeaux - Entrées - 1734.csv,Local,1734,Imports,Bordeaux,4,Bouteilles de verre,Espagne,4,Douzaines,"2,4","9,6",0,,,,
199,Demba,AD33 C4389,Local/Bordeaux/Bordeaux - Entrées - 1734.csv,Local,1734,Imports,Bordeaux,4,Baleine en fanon,Espagne,1500,Livres,"3,75",5625,0,,,,
200,Demba,AD33 C4389,Local/Bordeaux/Bordeaux - Entrées - 1734.csv,Local,1734,Imports,Bordeaux,4,Citrons,Espagne,3,Milliers,8,24,0,,,,
201,Demba,AD33 C4389,Local/Bordeaux/Bordeaux - Entrées - 1734.csv,Local,1734,Imports,Bordeaux,4,Fer en barre,Espagne,610800,Livres,"0,12",73296,0,,,,
202,Demba,AD33 C4389,Local/Bordeaux/Bordeaux - Entrées - 1734.csv,Local,1734,Imports,Bordeaux,4,Huille d'olive,Espagne,125600,Livres,"0,35",43960,0,,,,
203,Demba,AD33 C4389,Local/Bordeaux/Bordeaux - Entrées - 1734.csv,Local,1734,Imports,Bordeaux,4,Laine en suin,Espagne,15100,Livres,"0,5",7550,0,,,,
204,Demba,AD33 C4389,Local/Bordeaux/Bordeaux - Entrées - 1734.csv,Local,1734,Imports,Bordeaux,4,Mongette,Espagne,100,Boisseaux,4,400,0,,,,
205,Demba,AD33 C4389,Local/Bordeaux/Bordeaux - Entrées - 1734.csv,Local,1734,Imports,Bordeaux,4,Oranges,Espagne,1,Milliers,"4,5","4,5",0,,,,
206,Demba,AD33 C4389,Local/Bordeaux/Bordeaux - Entrées - 1734.csv,Local,1734,Imports,Bordeaux,4,Bois a teindre,Isles françoise de l' Amerique,7250,Livres,"0,08",580,0,,,,
207,Demba,AD33 C4389,Local/Bordeaux/Bordeaux - Entrées - 1734.csv,Local,1734,Imports,Bordeaux,5,Confitures,Isles françoise de l' Amerique,20270,Livres,"0,5",10135,0,,,,
208,Demba,AD33 C4389,Local/Bordeaux/Bordeaux - Entrées - 1734.csv,Local,1734,Imports,Bordeaux,5,Caffé,Isles françoise de l' Amerique,186950,Livres,"1,15","214992,5",0,,,,
209,Demba,AD33 C4389,Local/Bordeaux/Bordeaux - Entrées - 1734.csv,Local,1734,Imports,Bordeaux,5,Cacao,Isles françoise de l' Amerique,58310,Livres,"1,75","102042,5",0,,,,
210,Demba,AD33 C4389,Local/Bordeaux/Bordeaux - Entrées - 1734.csv,Local,1734,Imports,Bordeaux,5,Caffé,Isles françoise de l' Amerique,9350,Livres,"0,7","654,5","5890,5","erreur dans la source, prix de 0,7 livres la livre pesant et non 0,07 livres",,,
211,Demba,AD33 C4389,Local/Bordeaux/Bordeaux - Entrées - 1734.csv,Local,1734,Imports,Bordeaux,5,Cuir tanné,Isles françoise de l' Amerique,76730,Livres,"0,45","34528,5",0,,,,
212,Demba,AD33 C4389,Local/Bordeaux/Bordeaux - Entrées - 1734.csv,Local,1734,Imports,Bordeaux,5,Coton en laine,Isles françoise de l' Amerique,224300,Livres,"0,75",168225,0,,,,
213,Demba,AD33 C4389,Local/Bordeaux/Bordeaux - Entrées - 1734.csv,Local,1734,Imports,Bordeaux,5,Ecaille de torture,Isles françoise de l' Amerique,910,Livres,"8,5",7735,0,,,,
214,Demba,AD33 C4389,Local/Bordeaux/Bordeaux - Entrées - 1734.csv,Local,1734,Imports,Bordeaux,5,Gingembre,Isles françoise de l' Amerique,20750,Livres,"0,2",4150,0,,,,
215,Demba,AD33 C4389,Local/Bordeaux/Bordeaux - Entrées - 1734.csv,Local,1734,Imports,Bordeaux,5,Indigo,Isles françoise de l' Amerique,523800,Livres,3,1571400,0,,,,
216,Demba,AD33 C4389,Local/Bordeaux/Bordeaux - Entrées - 1734.csv,Local,1734,Imports,Bordeaux,5,Rocou,Isles françoise de l' Amerique,475,Livres,"0,35","166,25",0,,,,
217,Demba,AD33 C4389,Local/Bordeaux/Bordeaux - Entrées - 1734.csv,Local,1734,Imports,Bordeaux,5,Sucre terré,Isles françoise de l' Amerique,5874650,Livres,"0,26",1527409,0,,,,
218,Demba,AD33 C4389,Local/Bordeaux/Bordeaux - Entrées - 1734.csv,Local,1734,Imports,Bordeaux,5,Sucre tete de forme,Isles françoise de l' Amerique,3644850,Livres,"0,18",656073,0,,,,
219,Demba,AD33 C4389,Local/Bordeaux/Bordeaux - Entrées - 1734.csv,Local,1734,Imports,Bordeaux,5,Sucre brut,Isles françoise de l' Amerique,11232625,Livres,"0,145","1623730,62","-5000,01",erreur de calcul,,,
220,Demba,AD33 C4389,Local/Bordeaux/Bordeaux - Entrées - 1734.csv,Local,1734,Imports,Bordeaux,5,Tabac en poudre,Isles françoise de l' Amerique,355,Livres,"0,4",142,0,,,,
